$ANSIBLE_VAULT;1.1;AES256
66653934343634386361323364626565333262303838366562383731633033643734313830356639
3736306337386530323834613537396534386437346263620a623862643632316366373165373736
66366433313431643233303332616462383263396433323130383362326362316337306565333538
3834656439633964660a666162643665393238373532383331323036653939366238653037343536
63616330663537633436666339303138616137646363643739386431396166363562313838323937
65393563653565333234653863333933636436393131636661343263373930396464313534343935
31333539666164366236383665343764383630306434313265636561326333326466386535626639
30313865303035663638386632656464353139616233346365323638646564646138626164616138
32663566336464393730633864393737366565333339373439623734626133333437353839633164
30313365633165303363643436346234393837623138313465663863333438626331626231633066
35316662353936336561643564333164366231636235343631353030393131663738343134373934
62313230396562303430663739363539653435393363623137643066656239626461383035333562
64336638633235666130623265636134376433396136323138616666356131653035343065373431
35393666376561643733373233633437326466353633313134356334373164376562376161623362
66333432663537323831656535336264613466356136346266616662613761623039633032633838
62336233326163613566643533313361653865623463383363346231613134393032666431386561
39356536633763653330663739663633666332653332353537616336666135343632623361656533
31373131613564346430346466646462323730623732343963353163613161633339633730656530
62353865646233616238313531626134663037326231653432663166323739393331613566396361
33303038366630373536373462653761316263656430346535363336383561333539626233313761
34356662353936303366346636313133653239383661383165383961366663386438376636623430
33333237363437363439623137656262313133373338373164313436393731663661353034393566
63663363303734613966303265623161633966313139343530613035333432653639303265316637
37383262356232343233313835396664653430646334353837366161316566336433303965376161
64383334626237653066303433353539653933613162376134623433323136326565303233303737
32323330646365613561343735633535393264333264643365653535343434613535333933656264
64396637373032316534343033636233376537316165373633613437376432303963326466383338
31623465343835643031363961356661366663643433303035353732326634366263356337653337
33383866623338613762623661393561366365303130376631356134646532353235626230343132
62323263323433643362383063313861623764613139613230333236393831613730383462343136
62303639383065643434333837323034393438313239363364336230366432656532353430363430
65376363663930663330626663326639396533303030653833386164346563653961313761626436
62323233366163613266383931333833376562373136663538626337333638323931663534313962
65356366363932333063303062666534363730333233633231373335383164343031353964653762
35303762343732386335663438656234663763386235376664373934616437623466613333343638
34653131653263613237613233643763336263376337313739643863326639326237376436346234
30663435326261643934663964613636323239626139616633373533386165653066363463643866
61313365663131643431323634643434346230373030373838323864303831633535356535663966
32633931643633363864653765336238306237666330396263656239633730653136366634326539
31303733636238303737336132373430656239373561343137383133343233356565316461356264
32366265383131343364373037323531313339633931313330616436336161643436326637383361
30393033303830393039393335393437303537626233306238353937393434613032303234643064
31316138653435616265326134626564656134373533386638623534643361373761656166383265
31333630346362363835633131626438646134333837613661373765393161656161663836306538
64313165613231363462393034623139363239313263343035623966373962356232613938363236
32653630646231393761663539333334373936613134616336613738376337643332633362303839
39356364313538316630313231313538343630336335393839376239353837303464613163306662
39393566306433396566373663633939656234653665333130396361383137653630353033336537
38653338623039656666336265303633393865653432636466383661663465626538303335653866
32323363613462623632356432363135343935383463646363663237613837646334313364623063
32643561346533623666616234326461633835393038636131626561393336666539643238303462
64323532626264313839613733366465376563316563303862653565653536336162353734366232
38333766613033323965623561303131396262376365666263623337613639626630636436626137
34376132313735353439343738363664393237646432633735393463623263663964303061386132
32396631393430333833316663626231343936643034373637343035323661613836633330333361
65643439333237386433366532366561356136343861616233346632356137373139646436663839
63633961663638623833363331393233663332643831616135613163386563313735346433383161
62653062373264396436346437323030376638333938663765363034633235303235326261363730
38363837643062333531336632343361326461363662313031386135663031386261663063356230
61386436313539393934353961383634323232323538626136363731666662323562303731613030
30376130616435616636353330616537373438303135323764363338396531343437336364653365
34643730323335326338376536333830333531303265376338383766316336363236373533663662
30616136333539373638656561653036393136393739333138316435366163613566323531353663
64663830313061346361643061323433353536393238353961613337636636623035306138666163
64313764646530336437623633363566633233643339646231353032363235303463656333636437
62613563393138383065333538316665386435393932383865363339383534656565393836343836
64353065376161356538616663333263633833623632366639663631383039346135613166646464
34363465393866313434313136626636623930333637643933326330613234343666376261343237
64653934666262306635353836616337616637666166646238623563336566616636393737306434
36666566633636623532623931633038363262313464373464366165313365353564623830386438
62616234653566633737616565636265333138303338316432363262616135646164326665663537
34613031326234616533613565613735626666646262643637323636623537333037646138336163
30336430666565353231313331326430666565373266353339633933643832343639653131306266
32616465356538383833306134616163376362343139616331633730333438366636373130323539
33626361363766343932623163376431393531383965633664303733393762636364373561363037
65633961643432633730353238363635376631386332633733393937383937636461376262383834
32343061663434313366323765613465383331396535333032616463363636363535353765353832
63393265336466336135616336353064636262343233373738643238356536366130393236383133
39346134393366396361373731656161633165356161303733303839613036376630336364653764
37316330313136376563616231386531626231303263323631663032653337656465633535353132
63333837666337316633356632333030323435303130393737323163653762353066306332353062
34376539376538323737316531656234636439643436346538396130366332313439643864373062
38346637396362353432393237653664386634616562313838343439393136396533366365343665
37613865306439643037376634396130393433653932396637353033633131653933383438313832
63666561363334613033343834383236306565626637306338633634373162653964616139633234
36373134666432346433633561393939636335363736326363393335616261356234373762386239
30356665363032306665623932336462653864636331633937643036663031663332613762643635
31383030346164616630616338326236373664363862323734646165613863633262633935386238
30383431666461313562336239623661326363353361316232646230393030333339323839316464
32373336633564303562393734623962323031366634316537326637323431366163323064383532
64333061363333386434653334626265643831623732633435626132333438326664656564303639
36363034323637366135363939366636383732316630653362396630366638303132343038346161
39373934636535336337383634613964633230663265646666346338313161633733376463613235
35326430643630356437643730376135386638336663333635353933343166623736313536623138
37303231333431643631373961643434636431633330656636396539393333666261633634383565
39333236666661366433336234376663336539343933396238346164663538306138616437303439
33646237333231383633373264636431643134386131626236373935376539653963396562613330
36323761383437313631666232316462643338303262613930333831666166656631656439616662
62613634656536346430623435663332316561633934383234336232323663616235396338656461
38656332383134303861623864356566343831356338373435633933383539363661393236663330
64346639623261356634613766663034396231363637363936666166393937653734343431333164
30626466656330306235626462636532656132356638353836303735376632666666393931626265
65316165323665616336306536366530376339663766373438633664653836626664363531323730
66383033343133383637643962643664353939303762623337383533363739386264353162663530
64326265343863653564623230613564633437346238613763353331336230373065303263653666
62646666626537333165343763643636323531383766313661366638393438346233653737303636
33346334636531346639656530646365393737636134333536656561616331316163643639376665
39643735393466303134313333633632636137303137663433626263323462383034626531366439
37666437303337666466313465386336623562356332396266366463356135313133393762353732
64383133653831626232393330656538303032636636616339623462396661313466653463643834
39623334633561613639343436643534663065336338313139626263633039336631643864386639
31373966383133363163356533613562623865306463623039633066653437636461393862383838
31363732616238383433616466326666663461393838653263383761626266333031306233363631
33323635616362396434386136353366623835643031376532336330623961306463343939623963
38316136643034353163303231653936313835396333306430666233663965643831326532613161
65616163613632323138353162666534373237313039323933313466363964306636656533333533
38633835303136323963306632343535636437333734376133313366313166336364663233616338
66636565313366373861323065363132643733366336643063613363316538613131613461636365
34363130363632393932383833613664636139393834303265353537653833363764323434613866
34333039336662646534376434366431653731326264366336346530623934396364636538303439
65343065366432303038353239363338306336663463656530316630373963373565656535343331
30323539366334316164646437313131666534623139666637383363613333313939326131373066
62666536646563313834626136303734316163626639656339363363323430633862343838353435
33376536373039366366643632643635623465383362626463613530363865613033346636383564
63616330363262323731663036383566306436396462633665613233316363653461323634323735
30663934323337363333333863653966646134666436643865393735333166653439343032646266
31316138633838663932346232326563643033393632613937363330373133393664313264613033
33313666343331316361643664666365303438666230363936396463353131613838366166333239
32383664656533633937623431383937303239633366646165653639383761633231663263653266
64343536333634353433616361356238653763616136643330626139323563376234336461303565
30316532663063653261373236643664363937633864353361323661383231336532643732626162
31323532343730663963373237623334663031396238636238323266633131646337393665303437
31313265373130316564663364643662393566323763363862383432623863636662623834383766
39333866666232386432613037366533323366333238323036383663333962376235363464386664
33336566363364613539313134643939383135623935393435373735643833393863393438306638
35396236393433316464306665333462626662376465363337393438613365633532376236326161
38633866613765356364393562646238633463343531383037633933386663376230313532363963
37636132633262346433303632666137613033656331313730353666396235326132633438353332
64393739393861646565643738393836613565393862343433323262313638643832653231623964
32396130643762306137346563646633663664373332613237613964386332336333396136366266
30353665346137663063366139316662373065663133643164343031636431653836643465643261
30373937626564373130323562363031636438336665343138626439383539313836653639666639
66393737653631313366636335326533366239323133633362333231633261306439306464326531
35653438616163346162636432336262303131343762663637636132393665636337373734343132
33323832383435386230616662303933376363333836633031303938326636333431393964376635
31386566383563373730663834623763346536396661303132623762336461316461316339333033
66626462643533346336393634613437623663633262353461663565313230623162613438336436
32666330323765643737356430663535613130303863353266626638383235336434336438323236
65343139613938343933323938656236396264313035363465383136343261303138653565636133
38626131316163313761623431616339343734626164333033666631613862336439366637396137
61303163326337323234616664646166643734303063633531323433643934386463633032663637
37626366623964663431343630333135343939326535653734373636626437633236623262323833
35333933656238303963366466643739333061666635373664616665333132633833353935356263
31643338663333626139643836613438626436363531323431303863656265393633653638303638
62366533343065383731343631363665636166636335373031303862663162383362613137646663
66343639376337626434333261363463303436653033316138363038333634346333366636313033
36396531316263306261363131363765333761383762396237643566343563383437663636333739
61643433613536306334373433616130633566303061373536633532393037653933653235393331
30393531656365383931396237633364653339633131346630326130346261346639306361333862
65383663636235626639373735653566633966616432333136646164303164333032303039613831
37643235353535343163663265313938313666336432636239636263653133363062316262303163
66633530343236656265643532373733666235336531633235313438646465303662376137343730
30653666323839353834356166616531336135366663666430653731323361326433623561636436
34366533323162393564383034366136626235313235313038623331373737323832303266643631
39363439656338386635396564323934326637613238393362613530343139366562306530353832
38326561643466346263616333313565323332353235336563386462383561356632343466666161
37346534643031313337616364613032306230323737323662396634623230363964343833363265
30663834653235396366613235663438343435333139313131333931373937323864363730653965
63376264373963623732666561303663346338373430303634303561366332336439643532343035
64393933626263623137306534633630623338386564303634663433376333373738333539343062
35356630343136643863386565333632356438303531306266303236343132343164333838646164
34643938633134653335656235633435383538363366653733383462343639373931646562336433
33626637623331653332613338313962383738353933353663373831636330306563666163323961
37313136396631356361643539343031303133306265326331643963646533366265653661663634
63393836336163653833613164366230656234333164393165376662646534623765626163333931
64363636393466386464633563306338383337353132323734353937636566373663333761306235
34663038306265353332303135373634663762386661343837346364666131396331663539366330
61653637323738393566326337346530666433313563373632663138396261663536336632633338
66306134393537646539623837343266386532333637306235313732303566326165663339663237
64393436666263663562366166373831323931376637386263386630383433613262316439363462
63656234653739633564643566306535626332363435336334626462643635363934376538333262
32623961326432393735353331333638326262366366383838623433346530666537356134646434
39306435643666363661633230323766393736636364653663663338353166373236373365393530
31383330373337326635616162333238353664353933653464663135343863323733326663373036
35343664643965653261623337306464303036383363653931303134643530396264303666336664
64363837326566613062393061643066373065306130613931323365656164643237343530626236
34656131653730386339393033323365323539313435346333336665663536336134636636633830
36356630616262376431663930393966326535663836613137306239643538343530353865653563
32643034636137393437316431323030303165303935636265326330366266663836323036653064
35663166643036643566653166336131333662303731666134353939343634363838623264646231
65306166383565653331626234643539643832663330333761656136663936333735633833393631
30613264343664353361323564383731303061303634303738663966303563623837313564313662
66333837376664653362373961633135386632356161366138663638336539396263396132336163
65653639663436346534646336323262626239613738353664383036646233613533356365366564
64323062346239636334326465656134323363336232643035313366396265613630383731353363
38353736303337376136613334313435616534633363663465303536323732626364636438663036
37623838336231383735666437393733313033333631336631393232623138313433616166306363
34313763643937666639623564653663366464666536383937316637633735643361383864643766
63343661353832393036396265303466303732376631376465666636653938333034666661353662
35646662613966386366353334343061323032333836323731363562373933336531373737383238
39663966396232646161646666623766333764626539646330313761386437616331333934306265
34613065366130663739653634333438386164626630616136393336653262343133313030646165
31373166613562366634373666376338303938636534306265323838343665353539353464386537
37313237383431623439646636343638633439346439663932663736663764326632306135333866
62373130366361613335656365336465353530656237653433626366333433353038386132393334
38646331353831303732373632623233396630323736356234653165336430666632316563346339
33646331326134376362363762643261386163386139363334353635316666663862353661373230
32643766356336316666626531616232663033653465643666633132636164353363346132633166
32306137306133643064393636623238343761643437636363346230616464316263313731613464
66353032326261326533613939656361633161666232346237303465626665323835623136353833
36343237613962386430303134633535643963653237383632646261346463643739626132373937
36666332363764363165393130316465353035336261303431393939303332626661376563336132
30323432323337643865373938313835383737303361376633663037386161343366373965366136
65613539373734363637356566666630396438323839663139613735353932653431636661366231
66323334313230303530656462646462636631626530373330666430376432303066393633343034
34313563653664393863663938396338383938663836343964633336306531376435633861343363
30396639663665623134343964356635643834353233633539633630633861653862386139323034
36383262336465303066336434653866393634393161653039376264333831376139613062303163
35323030363362333736316461373338306539373733343562623963326631666433326537396261
33333964353636376261373434326563366534303639326533636439353165343336323331306361
32646134643962633736383365306266613161326134396666626339363637356635303539333835
62383262633762666139313261326466353832306437356365323332383438323831356536663534
36393562346330616536316166323836613761633234336363316539373761363265373133653139
65323264363366316165326330313335363737393634316236363336666161386630306634633039
62616538663564346137323766333434633339336163666263353264306333643435383464663330
32656161373262396438323434613437643765313264666332646337336630653832363163386265
62633432666162373430636637346464643438623833616132663637393334626633353161643164
62306332643663346539306462623362666236326135336334353036623365373332336565663138
32316364653264646538633735643038633561653562376239373864346531396365653161393537
34626430323532386436373464386164336632363163306237633066643835376663356232346665
38633964623236333935326135646566313331643930343934643535663163346465636266353562
37653864306237373335663037313236336338376562386534633161326334383761666662393061
63343430636561663462623130663632653739313165636161656362313435396432646137363234
30396433326339613739313938353331643232396663393231353831643134643766353964373366
37653437323862623663326532653866343662326234386233316261386138356462346262396464
30313238613433343838316262323461303232383835353232383339326139333733333839623334
31653733636431336532396364663530666538316535363464383165336139326365616235646232
37366633383562646464616561333165353061363037383462656234373966656533613662393233
31363064373636373831643562316162663638353335343636363430353738663138323261346361
31323832386663336363636334383565356138653866313535343539353963626664393131643436
37626532376330656336623361376263643961366530626631303834323964353866366363366130
39303730353937666466343565653335363130343366303338383063643762633861306131623863
32386231353239636536616435353330373635333965373331656163653433376437323061643635
38663965303638306564313263373936653162313865613335363730383737393934313433663963
32646661316639663564306637663038393935626265343337353765363761643931356139636261
32656662633864633036383061366536313562633633613239313334313731663465363732366639
30363832623362653964316464323637363431613435646265386435316162656136316331353565
63653064396630323935326639303361383065613732316462366130373063313566616435343663
66326165653437356230303337623062333561323234643262383966303330316631393339353833
63343239643339616263626432383362303963323262643532626231333965643636386237353261
33623962633430386532653033323461613164396261653032373432386535356435323534383537
39376363396337636433616563383434393461633330636131656566646263326664383330323834
36343661663336343637316663326466313031393839383730366236646235643737316130626464
37626263383265613264663937636464373831663262343835376631343337346334396261356364
64653735373036356331363864626233663861633932346164613065363137383736363265663030
66653939396332656537393836313235623235663734313466343135663839623662323037316539
62666232333536383236626634333363313961616337313334316232643739313561333031313762
63333064346636643061633236383162656465616631303131383431626562376366393538393661
66383864336139303364306132376231633662353665366639383764643531356362386164376233
32343964336435643735353731353132623061643264373832343133303839623331373238653363
36656130316333326566336163363563633935373762636161333032346563653333616662623264
32636666643031353365646332376532326238613734356566303736616135346233336335623132
64613963373563633839343866303330356638613662366666613035306437316430616262386462
33376631343065653566623363633064303366396632653232656231323134303963636462366261
62616430313035376265373464633938316163343337396236646362363765616331656235303165
38343636326432623234666464353331663431663136616361373335663466356631386530356266
61356534343762336363633333383335636239643938616332386436663935376136303334616662
65366630363037366363356432313839653163313032303138376463366463306534396335396638
36643433333864636431323231343266393666363762383263323439646532633531646535353239
38373062616635346362373732323566663932373866366135303965316532383032313964336138
32333735333738383334303266303032633132366133383966613466396465386466623433663532
32633930313032663936313236306236386464326561656465326437623739633434366438653935
65373334306563306165313130306266623765623436343636633565303765303037366635616539
36336533663939643132616135656266396534633035613732613235333462373731383936363435
35333130396435646332303531656433356263633136396566353934353933613830646664623930
32326438643933626266383233353165663036353434613262373234653332343137646537343633
66363964366534316130666131643266363735623934346563343661626433336465363930636237
34656163383566373264316430306638666365666637633039323530653830343030393663343263
39643438633265316232653838393534303334356166333037303036303962303037363934373862
37316263376164373430646565663936353233663765636561643463303339666231643539656236
38343833343630623366633066336333393535376365363933323734323237633033656333356634
33396134633736313865353133633036643237633839313066653831643736313834613265333564
65353830353064303534306531393931353539373436303163373534613232633835353533366338
37323065626434383739343366396635336137353839663238613439303065336230626665663133
32643162343335326165303936356138366433656337643539643266346139623031333166376434
36333365336238333564373566663637343165666330663731633766633466663062353233363664
65383565383733373062653464626264653261336266313133313230613762383339373964396665
65373732613132316238386632663533323561303431323732333066353932343739366161653337
31363865363738663537323765356634626237363364346366663636626361656232393034393732
63396164663431353063343833623038363932363762356134666464313363366132316139393764
61376636636433313561346435663535353031613963303834643933323833343263393264323939
61663563393330353737363264643364303236336138653139656231343164386332633063613366
33303933303162666261666532663039366439353230303264303738393034396163373961323062
64383263356536313435323934653831636566316331316164636438356434373433623538313665
61336434343763343632383732303730346266643732343634633935633263386462383138633864
63626337666562643830306565363765376332323965653934323937313161323332333835623539
36343462613434626564353039663737356561306538313936396536383533626135643230636336
37633337666665356632393532306237303065626132616264366261333465386662393935636137
34353535363632333932373066353437323065656262373236356339383331303737663537383665
66653839653966333937343034633131663163666262313136333830663330353332306463333731
34613732313263313463373434663637393237326161303035623165633433343731333735646163
38666337623135323162613436306539343261623730623832323032623161643566363332623939
31316135666434623265363432656639643732333261336631393736653233363330383561303730
61363064653539666565383939636331663032323836663461663038616430633630353132306132
33306639623038643363353436643665626438616630393963316232643832363534373465313162
38653661346334393439613435333231393263383936656331656535643964313437666464386266
34323262353736393363663265376330336462366261653063363433316339626639343666616432
66343030343263346138626265333637633835633835373964363035323838343636306165303732
65316563333363626630303364316163366364326365643836336166646335363665383565653832
33623966623738653832666333376665373039663633633937393235643833323130636536336461
39333862623364623565373161396166616232366166313762363965396339336361653965346135
37626463656638336631393830396662613633333933313732663863373164633232316361313063
39613035636432656430653430623130616665333133393031623034373039393566396437353735
30663334383066393932626237316235323734643838326632396431323366656364336463626266
36326239313237366538313162303332313561343136623630663032323666353630316231353265
66623563313031623535393938643031396639633131386437316634666465383839363134653736
62383431303937396562616566393462313035393466366235623034353165663864343436633339
39343634313034353932623237356234353834613231633535643631303136343938616636393331
37396461633639316632363935316131666335653134353734313764633561306565376366343232
31663538636437323062663665303565393132613662353431336561373437343439353438393463
63633539643461353335323334663636656138356665333939363835636239666136383261643965
37633966386166323066383738363865356164353137376431393834363038653865643834653361
61623066383661383139653430323864323765303339356662646132333938383665346161383336
64653435653230376663393037373630646339393834303764613435626134353466636235396262
36383066623630643337663861633139326365366661613634346333386664666130633761363938
32306638663434313034643638653238326465356166666432373836663430383336373764366134
38623665306637636236326163653832626233393135333431663532393362663361373266313231
31333832366131393631656333643737353539343137376330333961376537616336343636326265
35623239623366663065343536356565346338343664356235373930303962623564386139646236
35646666393964336437656664653635636533646363633461316165346434306433323531383630
64363731636532613834363230376165393630653031393931383730663630393961613532343634
39373730633565313131616339376631343465346638666539666136333038326661323635366230
33366438333761386138613935316635633235323936663865313665336332643566613566353164
62663636643630396666643165656639313163383131316431373961396339646133333764333139
34303439616535656636363862323736656437363465326533653531333264323461393330643033
33613865326232663137646231363763663165343662666634636366656564613036316363633530
31363039613634383361353338653930393963616435356366643933353464393635393031396364
34376431363434633366366134326330343132366661326462643932306137616636303438396162
30303930313535613931396331616337633034343761376638356565316337333731373137623166
37663233653866363835313933333665643338653839666130616136383835303532396235316531
37306232393930356163326330613235313131353038393736393363353665623439656430323938
63316266636337396338303339373033366431643837646636663262303266356532643666393537
34666436333331303438396531396239633365363336633662373462643034343661633165383132
65643531663438366439386462643036376131316439313565643032343831336462303234313366
30353038613063393636366337646638613434656234383934626532656262326261623262333861
30386333393261623862616136636265393161636639653632656632623132303937346337623763
64336564643937306261623233343234633461663965326531386239373031386538653339373563
36623164396366373931393061366566656333633032636463646234646536336531656134316334
65616265356361643862303662313663336632333662393037393032623737666334663462623934
35356137313961643230376634396162356264383835333134303738656463303635333037343638
66363934313563376566663430333630663065343037393861393366383132613432616634313936
65343137646334393737353034373430366265646333313731356634663532623934653238613033
31333165396163333834653434636331343638333533323938333839353863643332333333613964
38653437353764333430333665306165373933663361343236643865323165333032353065363132
36343064363335613062353762346639336337613836646664656365353662353635363562323635
61623339666635326237306336343734346233626235616437656661623531313936356363663334
62366638326233663533323535306237623634633837323631373630613931306231353065353439
35333830653933613335303034396134663135663866316530656433653663656362623238633739
30646561623736643966386432323762393862316338343733376436366463633963356664303832
64383461306631646236386231643036323366336435653162613865633362303535663035666165
38363433613535653330303834646138623632353136333432336361323736383162386433363963
63306433666263386530666463316161646439616335333138626538613833343738653163313264
62623935383130356536643937636164333765383732663233646365386336353065346339396436
30616330633638396561336563613639626435316266373661376666663739663733316634393462
32613064363838633265623532633735386430356230356466313863363933393233636366363665
37316463646564313366646237346434633233666438663764363836366366613536373237356466
38616561326634316435306364316464306234646235343566373730363739396534353238373563
63326135343961383534366533313162323163323635653766636236356663323832393666303938
61653338336531666131316563633766396363623866363034383330636364353066623066303765
33613637636161653361333465663166366637613039316632653733333330366630643032323738
64616563303538633862626330376135306661393634653662626137653934343334323332336232
33643135386236646662333866353038343734663562383838616531376539383663643066386238
62626461643266373830666231333538643339663061363062386233623836633565333338386536
63643430336135323836396235396638623563653436336266653061303330333433366664383265
65323135653635646633376263333365323064356538346635633134633633323361383638356634
33643636376535626462653235343563363965366539626433393661343564353835303333653066
35366166613837313332653934353434393965376438333335633331623330343735336434303733
39376237306263346232653561346638346231326139326536626461653531393635666639653032
62306265313635666431333235623830653535336661363936643563613931353266386530366166
35663262326134333565646562366633376666643138316330613837663363373965376466363465
33656361643531643338383566343238356664633631323739376466666634373435356363366135
66363435333362316331383133303833396635333264323530613036643365303838313534616632
37383636643062666538363735386566333139376330373131383339313932626131383838313637
39323638613136346538623566313133313235386165383333373533336261313730323430373237
32393366343739323036336633323964333165373839646661373531623738643637396565363766
36653636366635383561383236353137383436663138336662313465653566663937306466353437
38313937356339353339326462353266353261386332333239303238386234633635323362363362
34386132326639613063656432653130663966653661383761326561376431616436373531363735
30316639306463323430373831646331663362626563363730356631646264643165626163353434
39656136343833363438343336333238346339333333383533633436356335313661383136666236
32633233383963323333346139616133653635336531303066343931396264373832633565616430
33386465656166333165326462386262613861323536663533373939636433656633306438613232
38333861663536316436313638373032656665353430313361393339383063363934623036343437
63306533646234343431633439663232616164633665356232343864613838653266396534353338
65303539653537643439346239386530653632383035626539393934386438653336383463386366
35616438663330393261646539343338333462666262323035323032363931643630653631616564
63353431363530306538333135623265656639313339666232343835396239306132343839326461
30303065333338356532656332643361613230616262633132666536363265653766643833333437
38626534656339663464376234326134333864393961373537333333636562376162313538623232
63633234393235393932313065333330613961656235323330366366643939326564333562326538
64363166626166383937623935643562303965633236386431613662333332646463656439306661
33333036343938346135623861643765303936353030303565333036363431666130636236383237
39396462333564336335313861316465323131396532353364656433303561393233386466363139
39633232616663653238303965623465653533396132653834663031356136663539353230643535
33623331363630393862346161633534383435323566396365323039633566386433646161653534
66343834303865326534313639346338646465323935383562313434366237616439316531376539
31666435666431363766383762346464653663323736653865343432373965373665333364353364
33376564323530343036613362326232313365653136343738643438333235373135306632623737
62316237633834373963393036373331303435356233646266633931623835616161376566656130
36336239313733643533323962313862306634356438356166393035323933666439376163386363
32303734356265353732303930623961386439376166316263373464653532616332313537336564
35656338326436663431376236313061316364636136336238353936396132306566363464313538
62626636633836316334306363303438306166373362356336333261316163666237316530393632
31616234653232613330396630383334356165333039623366323366623734336264313938653938
65343133383337666639353531366538636335363066306532386630653065363730613734383238
62396536313938383764313461306333633662663362666531316633653466333634613536663138
63646336656338636265643561653935303333366666313636326338386633393862313430643134
37323331656330353632613463333466356561656334303764323438373539613066623537613735
37396430613061376461373666353833626537343934326638306664313930636366616462393431
36363039643366323465386630646336656165326266636531633365333937613661633738623939
36326264383161363032363931663165616632366333336533623532646161386534353962326537
64383436376666356361333564666462376234646363656461613866626431363239313164393231
30366637656666316532623633666266356537393733356261336230356664653463653837633964
62643663666439323632336365306630653335323363346266333339393530323730666262363339
34323439363036326630363037376532656539323231386632383335333435353465663635656336
39613832646165383963323036393138656464633766633637356437386436376437333863323235
37653334303362636566656434353061333665333030613633333561616363656666396466636637
39386132643437633665636463616533663230363431636437326332376639663362323936626133
35303037613961636430653664633066386265356538376365653338623534336330303963306461
65626337316338343537363132663764353035373961313535663164613633396264613930386361
34643063656564663230343165613132353762303739303030303263613833366133353632366263
63386237653531356137356230653032383466616535333736656563613865366561616236663766
66626662623839336364613636333235653865373138386662633565383766303733366563663461
62303965373530396338353365653531333336613961626636336534613837326233653832333662
30383363663731393165366335636138623164346463623766326534396339613365303065663463
33363338653866643032323431336233393533373366336565336636316435623038333834623539
37626466646632663764656139353731663861383639646538336561633333643339616630323866
35613439346536623032346536333061356239373063356566336436633165376661333766373031
62643166626638323964346631653430636434396566353739376261653766643735623761386238
39666236643762643932613833323735643964373231373331326335626332613632396136386130
36636437323531323631663634613964626333363131343137616233336331663232316334323037
66343238663836616264646132323437616238373965303664303135363639316437336633376335
62313563346639376561376537613064303665336466616132343362393231343865633932356534
65363738656463653363613862313363356262346438353732316162373366313433343136396136
38663566383539636139383764643965316539343561633135346664343038616535666364663534
36633930353965306134313163386131653533343364393632616133343261363837386164393537
36666130333066383866376133623161633930663638313063343538613837313435646266363262
35613762613033666563326438613637363335633630383764386634346439303832646565376264
63623661333862666239376263393864306434333130643036366136396439353635353064663933
36626436346363383661646133323664366339663937623863366462626661313666656333626130
33326439363337313164353332653534396437326237633738666132333039366439373436353866
35346533303031653830373633653235353930333064366334383437383962326263306239303163
38373832653434303731633135313232323834363337333639386337666636343431356239613935
39656262373262376538616231393862653039353536613761623336373734363737306233313535
33323766306161383861323836626661663237366133343065626266323030663934623633333531
65383033666664353731373332343632656333373637393034346162316532333534326533646138
65356663373661656436633336363235616666623035633464313431366664333733303534356163
36313231393865356464353233333133396232353966303965353338343635356535623239383662
38346162386561316432306365393264373666333833363238316661643066656136333637333962
37353537383536313638653834366435613439373235383663393764653362363835336334666533
66666436353839336338303066376636643861613065383438343635613262646430666431353737
64356238373137656530373039653332376334356232623861646135646438326661393465336535
32663862613535623032643336623536613261343038623833626634626139633366313033663432
39393164663137343363396166333734326361616233323235336263656661633737373666323065
37353332643563626637303031636665653332383662613937633033636537353864626637373762
32303366396661373861626439653832333064373931343465666132366332643235376363663834
36393236396338393031363361646537393565313636343765393863366639393633626161353338
39653639363135323733303166343839613663393531643262366333663731333130306239333335
61616434626664396639313533643739336236336564336437326630393833623635396232353866
37333063356438623437653739623664666565353061663662353365373063303231346539656636
63303333376464393937323262363431666331386230336135656465656132653335393762333961
63376632313763623262613365363162633133363333363961336533623765346338663937386262
38613839343931383632646264306661646230303462323939646336636262363439353864663935
39353736656338666436626635643930383265666137656438326237336132643064356363336530
61326138643735363439343064306538366465613332373734336636393330333334633634663333
38653230343734383539326234613863313836323539656535626666373231383364316365356537
34396562633764393865636461323063313430326666623062333665343939373130326261363237
39363631396432353231303662353838323261656664646639363532353136613033643833336363
32316437366531336134643261303735313033343935623664366161323335613265383466353432
30343837386437313465643063626366613739346432346465663734376438356366383835323864
30346165633863363230386232343963363031346535346333386335386135636464393935646135
66383462633935623165363931313436376365653239326266616136386238396330373464366334
33656361323839656532663131643935643165346362653366356465303237623834353264393238
63306237663865333739323730643230326537383630326661363439376361323037303062343766
39306362373530643762326535306634646666623762356366313839376230333562663666616635
31333236353939643961336234653035393136346531393231373463653636316430303761626263
38306130393937313334376430613734643663386164306438633761366234653131303031393938
33656264346361393231646534336666636563613361373861646539336462663765386531323664
32343635333437353534386632393331633030326335346162316235613364613534396362353861
31376538656238363134333065303166376362666434333734363730313637326635663061333865
62303733363932373038383231646531626431616132383932633661343335666363343038653632
35383831633461343438343465313463383365373030613237353566623461303938356133303236
35313138373636336632626237393662653663363764336164363430376161313531613339313966
39336565633331323863613966626631343464663132346565306435383935346463656466366336
33383039623663333864313137306166303663643162386661306432366161343531313335643031
31656136336366376365666162623033633131326336643164646661383437643862373765633164
63373036313064626136366662643764383237303833343965633731336461363132393936303937
30343362373739346432383866633064633436303532616266643166363630333432636235316432
30643163663835323230353362356633363337363130386561326135613864353536303732316631
65633761613131623063333363653161636432333130376663396337393464666133333936356332
35363433333431386334333136333132383962336465623466333331633230393665643965316639
31666438613637653166633234616261316361653663346131653762626266346634386534636666
35326430336333353763623832356136393663663134316136623230613966646333326332346231
32346433393835393435653038653265363635616438386261626362356135613639353864383364
35613865313561393262653632666335333731656433663663653934613663633938336431386239
65653866303564383336343032663164333434373362366665626164643066346138643634303964
39666635353233653133356639343335393330326333646332356333366134656338613163356563
38656664323631663539373364356530333362633138356434343639653665613739393261303261
30333736663765353438303835653634363934383835633937656239353337396665303963303461
65653962363534656530316331666364626435336231333061323939346439623664646364323663
31366230653238376333366363353338366332663431323539356662313862386536303032306330
65353961343939613039346232393134633364313861336566646133613035313637326565386239
36306261613132343964616162303633303530653162663765356437323134663866343432373333
35636565616136363333336664373634303164646434303862366537656632356164643439306539
35653265393135656239323939616639643364633336623335383330373561653431613439653966
36326464323435373531323839396237353963613961323763323766336235626563316264323163
39626134653162646463376265623866346233643364316535343231646438663832616436393633
33663466336631343831313430363035643265373565343531383436356163393431316661313538
32343064366236633634656265323961663265373837376432343835323633366536663032663165
35353266653830333436303131623837633136356665656535663662663361376234336239343434
38613637626434356366663866343964303833383366343130663065663739313737333734613365
32656162663232353937313738316234643765343966393864616436646566396232326164353732
63383530623436613236373938356661326665633634653063366566393535616666383966306561
38333438323333373136376164633230396666313432623563323234656531303830666666396637
30303562376533616462323135643063613937343062643464353630343332623439356332333939
37613539633236326631306132656462626334613866373137653466393831656237353165333836
66346131373536353763613531663365333631643564393431323236643231613437333261653630
63616437386331383937326633653632663536383536396566666331613061633530626139393239
65613162356535313639643138313465363265333461363630656232326235613164616262303535
65373931313631326536376635366231613661633237343561303061333964363336373663316561
30313038646131613332356131306638356232613834643261313937643465616336353237373539
31616130346333363538366330393130633636333833303137396661303133313030313735626264
39633237356338346130326431616331326133646632313133646466643537376432656637333336
39383531383366363037633039643930646539633530666634616535363138306430313830353865
31316463643939666233313031356461646335333435653166306165366631663233303638323137
31646565333536613234363163666137336337636162313536333031333134303666386537663132
35343334663564393865323639616463613438623164336161316462663333363661653738383631
31316633326334613832396235386132616334393732313965333535643330353631353332663663
32653462633830613036636635333839323566613131303832373232643238323233656463346533
32303066653232646230316137373865373539626164383739386564656662303232613130346538
61633665666462393334376536333937656337396464643331633837373232616166363761323537
37323932663239343365396461346566643564636334386531326564383364363334346161653834
33343264343863373531383536306139623934376466323135313630336438323435396536363161
32656432373231363465626632383263313466326431343561666330323134313936313763313763
39643861313634373365653439386234356230373362353739613735633638666161383932616135
33613038323838613132623161323161633134383638643737663138656238333838656466326663
35623039393735383234616235383461666332366363396334346336643662323231633566623065
35373132643139623839303234353838346233356230663062366238663838653038323864666232
61363961326666393466346538376232363432306533376366303633343262643261613637353134
63633764333161633432663066326461636165663633633334373639383363306564626530366533
32376663336462343162636165396461383565313866363361633862376565363731333865303561
61613535343137386230396361393536333132346530383162616263316262643462383739363039
64666665623439386637383631613938383664393732616237373962363966396462623233313565
32363938303437643236373339623034376137393538373534623665643634383430636166656433
36353130326661316137336461636530343763326639333037656639376563333638353932663465
34316635656264353931323837306364363332393931353433643338313065376665633133303839
63666637336266316230356361666639323933353932616239626561663065313835653637333135
66656139626366363062393936346231373865643562336364396266633637626431663738376332
61323934393864356666333035366531303536353637313032363563656136653135616432333831
30653030656331353136653531333536323037616339373037373865393163373164333763333937
39666264653438343766626234316632373134616163306566666138303235656466616137313062
39393332643730396266383338323264373338643163376635393561653738343261363336626438
64633965326231616632333036323938386531383435333737373864383361353163646638643832
62616434643335663662643839663033396164663431646334373966656363343337306163353665
36663734343136643161336637666564333932653433663635363332643365626161396633396630
66633933323132656339313139353434386466623237333336396464626639626132653036363761
31373231326662666335323161326134663162313838366334303635623163326532303333323835
31393466623934613837633934653838353437636264643362303139363131643965623935613737
32663234616639633338363935646563643231363731643030336430643234656266393863393130
34323663326537653566396161306336313433653738663961333335353531396265303839303336
39373133303836376164386362646635666262316666393737306336386136373533336138646262
30323834393863373161623462633132376234343164366338323835373764336461333063386433
31613064363163376630316630376662623837363939316430323166386432646636653234313638
36633832616134373861363861303062623766313633366438343734353439626639346635363839
31653431356530633066396430633639373765613964616162326236633838376461633365633732
63643032356661666333376564353931393935333939393666653962393034616538313730333737
34626235393533653533343230636136623662343531353265613732643434366636663163313364
32656363393634353239366131616261313131386133313635666165366233636335303865626235
63656133313164383835373061613365346635303634346332616661663766303239386439326562
66623964336333393938376539656662383064393637373264373963383666373366333965336231
32633037626262373666336563316238376366653661633737396239623761323033613736333536
35343139306131663966343838343934376534376234653135353261316330363066393863633033
39626264663538616562643966363130643964393631353461323665633662653530346236316464
32646664306631303338303732323363643132333234353964356131313434396361396263323933
39316135386264336235613930383463363261626436303739666435353933373836646534633431
66363964363864343531393233363034623263366666323337346436313364653363623836613537
34336431383063346130623738353963333231343266323335306333623330633066653738636637
31316431623061663233396665666439303662633536626262336537336233336635323237633061
30656135386562616664333839366338656565333232336661383962313761336362353034386463
33303766623337383162343734303638643933373533393266656635383539306530616132306236
39613930623064373931343836363838366238663037366330636461636536656338383438323834
32356536333830343561353133383165336561636463643438633261373261326533666636613364
39326237356533373764303166316163303234373836383335356466623433623135356435666138
64616537353434316530366638636431393331663932316430393662353265343236396665646433
39666532616230336363393634316266363031363364373165653833303639306238363663326465
63666461303039326565663932316639393538376161366661396337643439386230336233633964
37386164653433353933346664326132306234336138323732646237363234363065353562663832
36633130313834313431386134633936313464313339393932333864353661373532653832383938
61366562313437313365323563336164316230616562613863316361303536613764306139333565
61626466613234363039373634663563336265346134366462623462313763626363616561376364
34613765343931393462323536646236323638626562636239373130336261333235333761353764
30323563636432623930636334323532316439636531653835356138396231643361343935653032
32386136353932316261323631326636663234616635333037383763656263303238666630343432
63326464663932646662616566383437326533353638633433303235636332333161383364313163
34656336626336343965363639363733653632626332323964333034643430636663353230633932
33323862363462653862646237356437646233663262336136383630383065333530333033626563
36613133363639373638613630346331343439323237323134356162636235353930613831316435
33646133323133623435303666623361633131666639353338333337326662666631656633643739
39393536643934346661633962313832653464343165643836623337383635636638303334376137
66306166636662363737326664366561356239666134376436643237663633626462313738613639
30646661663038343564353837636238613465386261663463343966396164393234663866386264
31393166633437366230636462636561353132313530373039383966373163656134383638386537
31336138376432313234623963323563373532396332313665333163346165333838373563623639
37616264323866613165363266366637623932636164303234623930303362306461313738373066
63663938346663343932396430376334633862316566383330326338336536633561623439306539
62336637366137636639613865633363356438363537333631323635626637366564626436346361
33383137646537383436353039396364663331633666346561643234626234613162323639636633
30373639326330613239343334336532373330646639663635363762303331363538393364613030
36643334616231643432646432303138353264396434353065333334303331306634636639313465
39393563626630343665313165373637656330633064623661653433623532343265653830333166
66363134666335663462623337353366633338306261613261306533623861353632313636616366
32303062323263373639323761396530306666323639303533633464363434633431653436646662
31313061346265383465363138336334613039373766383439326332643132353737613265666137
33363765643234313130363462336137643162316462663433613139383231383966363937326563
63646132633063386465343133613362636162333461386436393935373666383362363838303337
39356136326239626330646331366331306538396364316465643938386461326666623730353232
30383963396465663163346664323363646239346533663531386564633064656631376530613738
64396535393761633238623934313464356136333963303130303065646265346330646234343365
36373433646534316162626436656333393236333766646264356239396563313965383963646164
34633131623164373364343466306461333036626163626237356232383939373031363566666365
66353230363161623331363966346235313234643361316361656338353531393331343135363730
39353332363038623030323966353435623332343563353436393538666664343561343235616432
38326232366538353236393532616132613936626338323065653464336237613836323036373263
36393837343765383636376137316165626361633233643265656166653937366536656662346132
32356466316333633537646462633837623730326461386666663836653737393235626262333232
32643333633830326465393634346532613265623434343863653231333031613162313936653534
63663238663136626436623431366162393331323037363662616339336562383262333566613930
64643264666566663531363133613730326538343938366265303937623837376433333637323934
33333065363632373936323735613431363064386564346334363062346661326632326465643537
36346534633938353536323138323163313731313663386538353664666233393236393133363434
64653061343961326430616365623839396238656330376465356461626530343734653565353065
38386566303932353961353034346263363032336233303232396561306236333032323365623864
61663765333464336136346134336331303130346632356632346137393966626138623139643332
36656134623662393534316539356566336564613035343362376239373765376133356664353234
36663832653437613663663736646531306137333034313736653631633439646464623130636637
38613361346234336566353962376662616366613839333466613734666435373763393536613839
35666162303436333162663365653235323465383431363333323933663438666637613066323338
33373330353964343130646438363436313138323166623661316636613362303332363566383034
65386461343438366234323533303732356639626562333661626635653538373863393561363664
35333136636638303132306366306262346433646565613934636536626638383736633564303738
66613261306461623366343636323831633934336430326561366666366234643232393737333165
35363364333563616466633663393365373261363761643263396562333233373330623562623634
38663330313136356238393464323532626465326232323364616431306164386264373763333539
62336437346335356236653638363436346139316430623233323339303939333733666164356137
31313030663763326365393935626336313630623863343033623236646237623761383438613261
38626364366531353265623734326436343362633465613830643762336136396430333362373665
33396238316164376234383631346262616263386236653634396462623534653136653862633938
63626437643631396636366439613933303539303634366230326466376665373833623965323832
30656534386265336563396564366639323464396463323964396330306335646361613330383035
36666535633665633663643735396631653031343461396365363731616461663165666466663930
61333039636231623232313263363735396462336465663561626538653761623363366336613864
66316535653239386161373539373461646665376334633061353936316434653430373034316464
61663732303539646162633631356637333462336531633132633266633062336234306337303031
36303966666639386165376637626633663931626239366638363866656363366265626436306230
64313634336638336332626437343333346465326139383965353862366264663164326130386135
32333764633164386234363335326431336638383639383164653761353131646565366663316564
66636436363161306238663739353066616231376662393263366436396265393938366665633235
32343838333761306537316261343465336161376531633866663636363930626261353339316335
36383538353232326236336632663639356232366165333033356435373836316639663565353862
30383138623233333764323666666562613865393036623931613837386139333631633337643538
35343765613136373933363238353032396666633430333431613534393061333930316165323736
39333832396430653662666464326265343435346163316238643463393735653437393766333465
63333038663462396462363234633731313564316131346632613831613732666633633966343734
37306232313230633436633232666461663130363533383031376635646335356432366433373636
65346661346261343231386636313736313231663065353437663130343130663631366364303263
35393236323334613237623438353761316331316164353536653735353132333537336230373162
30303834636161613436333332633165366662316163626462393664333438633536373462383230
63663636343933373936313636313835303139353561353534666665373566353631613435343966
36623130636439356336393531343333626164393732376634386464633961306531373435343130
33306266343366383932343438393962633131336464336135353033656133663236313931353264
36366439326530323764623432643438616630613465323732336530373164316566363639336339
63616463343662336162333532303832633430306237633137393633653463323664393734323332
37613262363638366161643264393938343333363431383661313061383363336530613338303462
65396365373330616332656436353934313165653563363562393830356231356261346334323063
38616161383333376337363035396337613264316265333839313633336331323237313761663239
39303661373937373736363963636166623065316265333335393938646139376231396538643631
39643766366130613866396530616562643134666165393861376337313837396666333138376534
66333931343664323163343632616234313963386462663633653539663866363961303338666231
38373639663366636536303738333231356663316631343534313034306338663033353661313539
61386662346432363539376464326165626436663761373133346637313432393037346361306439
32386562643261373863333263383038636562356333353163636230636533303936396338343033
64313166373761353162356137326463386530626463663962623435383761333538663433336162
36333662343762616639336663323462663433393938626237313637363131343662613735396335
61363136636464653738663936356438313937326366303936623530303862616563656236333065
31333137666436393533373430323739313430326264376231363164376666653237653631653136
63326634373536363663643365373830393037373135356439653535636362326463636630353730
31373633623134393530316237623336613732336335383666393531346638626438373262313737
38613362643233356331633965653936653265376336313431303837373062333031313231366335
63383534343237336232323465623465623936623830646661313531383835326436323639346363
39323161353836613762356336346662336333386635346337623264626635343264363462326137
30623361353361633136396662326230393234323461633366303265333433313761
